      11723.2     0.863137
      11739.6     0.865087
      11756.1     0.865420
      11772.5     0.864178
      11788.9     0.861439
      11805.4     0.857314
      11821.8     0.851953
      11838.3     0.845537
      11854.7     0.838280
      11871.2     0.830422
      11887.6     0.822221
      11904.1     0.813949
      11920.5     0.805882
      11936.9     0.798290
      11953.4     0.791427
      11969.8     0.785529
      11986.3     0.780800
      12002.7     0.777412
      12019.2     0.775502
      12035.6     0.775170
      12052.1     0.776483
      12068.5     0.779480
      12084.9     0.784167
      12101.4     0.790528
      12117.8     0.798511
      12134.3     0.808025
      12150.7     0.818919
      12167.2     0.830942
      12183.6     0.843697
      12200.1     0.856560
      12216.5     0.868581
      12232.9     0.878371
      12249.4     0.884011
      12265.8     0.883052
      12282.3     0.872727
      12298.7     0.850488
      12315.2     0.814813
      12331.6     0.765988
      12348.0     0.706371
      12364.5     0.639866
      12380.9     0.570848
      12397.4     0.503140
      12413.8     0.439462
      12430.3     0.381379
      12446.7     0.329528
      12463.2     0.283931
      12479.6     0.244259
      12496.0     0.210017
      12512.5     0.180670
      12528.9     0.155696
      12545.4     0.134628
      12561.8     0.117054
      12578.3     0.102616
      12594.7    0.0909970
      12611.2    0.0818997
      12627.6    0.0750344
      12644.0    0.0701059
      12660.5    0.0668101
      12676.9    0.0648396
      12693.4    0.0638958
      12709.8    0.0637060
      12726.3    0.0640380
      12742.7    0.0647063
      12759.2    0.0655714
      12775.6    0.0665329
      12792.0    0.0675221
      12808.5    0.0684940
      12824.9    0.0694205
      12841.4    0.0702858
      12857.8    0.0710819
      12874.3    0.0718070
      12890.7    0.0724624
      12907.2    0.0730521
      12923.6    0.0735814
      12940.0    0.0740569
      12956.5    0.0744853
      12972.9    0.0748742
      12989.4    0.0752315
      13005.8    0.0755654
      13022.3    0.0758849
      13038.7    0.0761994
      13055.2    0.0765191
      13071.6    0.0768549
      13088.0    0.0772185
      13104.5    0.0776224
      13120.9    0.0780800
      13137.4    0.0786052
      13153.8    0.0792125
      13170.3    0.0799168
      13186.7    0.0807332
      13203.2    0.0816768
      13219.6    0.0827620
      13236.0    0.0840031
      13252.5    0.0854133
      13268.9    0.0870052
      13285.4    0.0887899
      13301.8    0.0907777
      13318.3    0.0929776
      13334.7    0.0953974
      13351.1    0.0980441
      13367.6     0.100924
      13384.0     0.104041
      13400.5     0.107401
      13416.9     0.111009
      13433.4     0.114866
      13449.8     0.118978
      13466.3     0.123348
      13482.7     0.127978
      13499.1     0.132873
      13515.6     0.138035
      13532.0     0.143467
      13548.5     0.149172
      13564.9     0.155151
      13581.4     0.161406
      13597.8     0.167936
      13614.3     0.174741
      13630.7     0.181818
      13647.1     0.189161
      13663.6     0.196762
      13680.0     0.204610
      13696.5     0.212689
      13712.9     0.220980
      13729.4     0.229455
      13745.8     0.238084
      13762.3     0.246824
      13778.7     0.255628
      13795.1     0.264437
      13811.6     0.273183
      13828.0     0.281788
      13844.5     0.290163
      13860.9     0.298209
      13877.4     0.305819
      13893.8     0.312880
      13910.3     0.319275
      13926.7     0.324889
      13943.1     0.329611
      13959.6     0.333344
      13976.0     0.336004
      13992.5     0.337529
      14008.9     0.337883
      14025.4     0.337057
      14041.8     0.335068
      14058.3     0.331961
      14074.7     0.327807
      14091.1     0.322691
      14107.6     0.316719
      14124.0     0.310002
      14140.5     0.302655
      14156.9     0.294793
      14173.4     0.286527
      14189.8     0.277961
      14206.2     0.269187
      14222.7     0.260290
      14239.1     0.251341
      14255.6     0.242403
      14272.0     0.233527
      14288.5     0.224757
      14304.9     0.216126
      14321.4     0.207662
      14337.8     0.199385
      14354.2     0.191312
      14370.7     0.183454
      14387.1     0.175819
      14403.6     0.168412
      14420.0     0.161237
      14436.5     0.154295
      14452.9     0.147586
      14469.4     0.141113
      14485.8     0.134874
      14502.2     0.128869
      14518.7     0.123101
      14535.1     0.117570
      14551.6     0.112279
      14568.0     0.107233
      14584.5     0.102435
      14600.9    0.0978926
      14617.4    0.0936130
      14633.8    0.0896047
      14650.2    0.0858774
      14666.7    0.0824406
      14683.1    0.0793041
      14699.6    0.0764765
      14716.0    0.0739644
      14732.5    0.0717720
      14748.9    0.0698998
      14765.4    0.0683439
      14781.8    0.0670960
      14798.2    0.0661434
      14814.7    0.0654691
      14831.1    0.0650526
      14847.6    0.0648709
      14864.0    0.0648993
      14880.5    0.0651122
      14896.9    0.0654839
      14913.4    0.0659891
      14929.8    0.0666035
      14946.2    0.0673039
      14962.7    0.0680689
      14979.1    0.0688785
      14995.6    0.0697148
      15012.0    0.0705615
      15028.5    0.0714044
      15044.9    0.0722309
      15061.3    0.0730306
      15077.8    0.0737944
      15094.2    0.0745151
      15110.7    0.0751870
      15127.1    0.0758057
      15143.6    0.0763682
      15160.0    0.0768725
      15176.5    0.0773177
      15192.9    0.0777038
      15209.3    0.0780317
      15225.8    0.0783026
      15242.2    0.0785186
      15258.7    0.0786819
      15275.1    0.0787951
      15291.6    0.0788612
      15308.0    0.0788832
      15324.5    0.0788642
      15340.9    0.0788072
      15357.3    0.0787154
      15373.8    0.0785918
      15390.2    0.0784393
      15406.7    0.0782609
      15423.1    0.0780593
      15439.6    0.0778369
      15456.0    0.0775964
      15472.5    0.0773400
      15488.9    0.0770700
      15505.3    0.0767886
      15521.8    0.0764975
      15538.2    0.0761989
      15554.7    0.0758945
      15571.1    0.0755860
      15587.6    0.0752750
      15604.0    0.0749632
      15620.5    0.0746519
      15636.9    0.0743426
      15653.3    0.0740367
      15669.8    0.0737355
      15686.2    0.0734400
      15702.7    0.0731515
      15719.1    0.0728710
      15735.6    0.0725995
      15752.0    0.0723379
      15768.5    0.0720872
      15784.9    0.0718480
      15801.3    0.0716210
      15817.8    0.0714070
      15834.2    0.0712064
      15850.7    0.0710197
      15867.1    0.0708474
      15883.6    0.0706898
      15900.0    0.0705472
      15916.5    0.0704198
      15932.9    0.0703077
      15949.3    0.0702110
      15965.8    0.0701296
      15982.2    0.0700635
      15998.7    0.0700125
      16015.1    0.0699763
      16031.6    0.0699545
      16048.0    0.0699467
      16064.4    0.0699523
      16080.9    0.0699706
      16097.3    0.0700008
      16113.8    0.0700422
      16130.2    0.0700935
      16146.7    0.0701536
      16163.1    0.0702214
      16179.6    0.0702953
      16196.0    0.0703740
      16212.4    0.0704558
      16228.9    0.0705391
      16245.3    0.0706220
      16261.8    0.0707029
      16278.2    0.0707797
      16294.7    0.0708508
      16311.1    0.0709141
      16327.6    0.0709679
      16344.0    0.0710102
      16360.4    0.0710395
      16376.9    0.0710539
      16393.3    0.0710520
      16409.8    0.0710323
      16426.2    0.0709936
      16442.7    0.0709347
      16459.1    0.0708547
      16475.6    0.0707529
      16492.0    0.0706287
      16508.4    0.0704817
      16524.9    0.0703119
      16541.3    0.0701194
      16557.8    0.0699044
      16574.2    0.0696675
      16590.7    0.0694095
      16607.1    0.0691314
      16623.6    0.0688343
      16640.0    0.0685195
      16656.4    0.0681887
      16672.9    0.0678436
      16689.3    0.0674861
      16705.8    0.0671182
      16722.2    0.0667421
      16738.7    0.0663600
      16755.1    0.0659745
      16771.6    0.0655877
      16788.0    0.0652024
      16804.4    0.0648210
      16820.9    0.0644461
      16837.3    0.0640800
      16853.8    0.0637254
      16870.2    0.0633846
      16886.7    0.0630600
      16903.1    0.0627537
      16919.5    0.0624679
      16936.0    0.0622045
      16952.4    0.0619651
      16968.9    0.0617515
      16985.3    0.0615649
      17001.8    0.0614065
      17018.2    0.0612771
      17034.7    0.0611775
      17051.1    0.0611079
      17067.5    0.0610686
      17084.0    0.0610593
      17100.4    0.0610797
      17116.9    0.0611292
      17133.3    0.0612067
      17149.8    0.0613112
      17166.2    0.0614413
      17182.7    0.0615953
      17199.1    0.0617716
      17215.5    0.0619682
      17232.0    0.0621831
      17248.4    0.0624140
      17264.9    0.0626586
      17281.3    0.0629147
      17297.8    0.0631799
      17314.2    0.0634518
      17330.7    0.0637280
      17347.1    0.0640064
      17363.5    0.0642847
      17380.0    0.0645608
      17396.4    0.0648327
      17412.9    0.0650987
      17429.3    0.0653570
      17445.8    0.0656063
      17462.2    0.0658452
      17478.7    0.0660727
      17495.1    0.0662879
      17511.5    0.0664902
      17528.0    0.0666793
      17544.4    0.0668550
      17560.9    0.0670173
      17577.3    0.0671664
      17593.8    0.0673030
      17610.2    0.0674277
      17626.7    0.0675413
      17643.1    0.0676449
      17659.5    0.0677397
      17676.0    0.0678271
      17692.4    0.0679086
      17708.9    0.0679855
      17725.3    0.0680598
      17741.8    0.0681328
      17758.2    0.0682065
      17774.6    0.0682823
      17791.1    0.0683620
      17807.5    0.0684472
      17824.0    0.0685391
      17840.4    0.0686392
      17856.9    0.0687485
      17873.3    0.0688682
      17889.8    0.0689988
      17906.2    0.0691410
      17922.6    0.0692950
      17939.1    0.0694610
      17955.5    0.0696386
      17972.0    0.0698275
      17988.4    0.0700268
      18004.9    0.0702358
      18021.3    0.0704532
      18037.8    0.0706778
      18054.2    0.0709080
      18070.6    0.0711421
      18087.1    0.0713785
      18103.5    0.0716153
      18120.0    0.0718507
      18136.4    0.0720828
      18152.9    0.0723098
      18169.3    0.0725298
      18185.8    0.0727411
      18202.2    0.0729422
      18218.6    0.0731314
      18235.1    0.0733074
      18251.5    0.0734688
      18268.0    0.0736148
      18284.4    0.0737442
      18300.9    0.0738563
      18317.3    0.0739509
      18333.8    0.0740275
      18350.2    0.0740862
      18366.6    0.0741275
      18383.1    0.0741520
      18399.5    0.0741609
      18416.0    0.0741558
      18432.4    0.0741388
      18448.9    0.0741125
      18465.3    0.0740800
      18481.8    0.0740452
      18498.2    0.0740124
      18514.6    0.0739867
      18531.1    0.0739736
      18547.5    0.0739792
      18564.0    0.0740102
      18580.4    0.0740734
      18596.9    0.0741758
      18613.3    0.0743247
      18629.8    0.0745268
      18646.2    0.0747889
      18662.6    0.0751167
      18679.1    0.0755154
      18695.5    0.0759890
      18712.0    0.0765399
      18728.4    0.0771693
      18744.9    0.0778765
      18761.3    0.0786588
      18777.7    0.0795112
      18794.2    0.0804265
      18810.6    0.0813950
      18827.1    0.0824043
      18843.5    0.0834392
      18860.0    0.0844819
      18876.4    0.0855115
      18892.9    0.0865046
      18909.3    0.0874351
      18925.7    0.0882747
      18942.2    0.0889935
      18958.6    0.0895602
      18975.1    0.0899429
      18991.5    0.0901107
      19008.0    0.0900339
      19024.4    0.0896862
      19040.9    0.0890456
      19057.3    0.0880967
      19073.7    0.0868326
      19090.2    0.0852578
      19106.6    0.0833908
      19123.1    0.0812683
      19139.5    0.0789502
      19156.0    0.0765271
      19172.4    0.0741304
      19188.9    0.0719494
      19205.3    0.0702550
      19221.7    0.0694274
      19238.2    0.0699599
      19254.6    0.0723887
      19271.1    0.0771322
      19287.5    0.0843525
      19304.0    0.0939748
      19320.4     0.105821
      19336.9     0.119721
      19353.3     0.135558
      19369.7     0.153263
      19386.2     0.172799
      19402.6     0.194138
      19419.1     0.217244
      19435.5     0.242046
      19452.0     0.268412
      19468.4     0.296122
      19484.9     0.324835
      19501.3     0.354070
      19517.7     0.383191
      19534.2     0.411421
      19550.6     0.437898
      19567.1     0.461767
      19583.5     0.482300
      19600.0     0.499025
      19616.4     0.511817
      19632.8     0.520925
      19649.3     0.526928
      19665.7     0.530641
      19682.2     0.532993
      19698.6     0.534919
      19715.1     0.537261
      19731.5     0.540724
      19748.0     0.545831
      19764.4     0.552918
      19780.8     0.562141
      19797.3     0.573491
      19813.7     0.586822
      19830.2     0.601885
      19846.6     0.618359
      19863.1     0.635892
      19879.5     0.654126
      19896.0     0.672723
      19912.4     0.691377
      19928.8     0.709824
      19945.3     0.727842
      19961.7     0.745247
      19978.2     0.761885
      19994.6     0.777628
      20011.1     0.792364
      20027.5     0.805989
      20044.0     0.818411
      20060.4     0.829539
      20076.8     0.839291
      20093.3     0.847587
      20109.7     0.854361
      20126.2     0.859557
